****
H      0 
S   1   1.00
  17880.0000000              1.0000000        
S   1   1.00
   2683.0000000              1.0000000        
S   1   1.00
    611.5000000              1.0000000        
S   1   1.00
    173.5000000              1.0000000        
S   1   1.00
     56.6400000              1.0000000        
S   1   1.00
     20.4200000              1.0000000        
S   1   1.00
      7.8100000              1.0000000        
S   1   1.00
      1.6530000              1.0000000        
S   1   1.00
      0.4869000              1.0000000        
P   1   1.00
     28.3900000              1.0000000        
P   1   1.00
      6.2700000              1.0000000        
P   1   1.00
      1.6950000              1.0000000        
P   1   1.00
      0.4317000              1.0000000        
D   1   1.00
      2.2020000              1.0000000        
****
He     0 
S   1   1.00
  17880.0000000              1.0000000        
S   1   1.00
   2683.0000000              1.0000000        
S   1   1.00
    611.5000000              1.0000000        
S   1   1.00
    173.5000000              1.0000000        
S   1   1.00
     56.6400000              1.0000000        
S   1   1.00
     20.4200000              1.0000000        
S   1   1.00
      7.8100000              1.0000000        
S   1   1.00
      1.6530000              1.0000000        
S   1   1.00
      0.4869000              1.0000000        
P   1   1.00
     28.3900000              1.0000000        
P   1   1.00
      6.2700000              1.0000000        
P   1   1.00
      1.6950000              1.0000000        
P   1   1.00
      0.4317000              1.0000000        
D   1   1.00
      2.2020000              1.0000000        
****
Li     0 
S   1   1.00
  17880.0000000              1.0000000        
S   1   1.00
   2683.0000000              1.0000000        
S   1   1.00
    611.5000000              1.0000000        
S   1   1.00
    173.5000000              1.0000000        
S   1   1.00
     56.6400000              1.0000000        
S   1   1.00
     20.4200000              1.0000000        
S   1   1.00
      7.8100000              1.0000000        
S   1   1.00
      1.6530000              1.0000000        
S   1   1.00
      0.4869000              1.0000000        
P   1   1.00
     28.3900000              1.0000000        
P   1   1.00
      6.2700000              1.0000000        
P   1   1.00
      1.6950000              1.0000000        
P   1   1.00
      0.4317000              1.0000000        
D   1   1.00
      2.2020000              1.0000000        
****
Be     0 
S   1   1.00
  17880.0000000              1.0000000        
S   1   1.00
   2683.0000000              1.0000000        
S   1   1.00
    611.5000000              1.0000000        
S   1   1.00
    173.5000000              1.0000000        
S   1   1.00
     56.6400000              1.0000000        
S   1   1.00
     20.4200000              1.0000000        
S   1   1.00
      7.8100000              1.0000000        
S   1   1.00
      1.6530000              1.0000000        
S   1   1.00
      0.4869000              1.0000000        
P   1   1.00
     28.3900000              1.0000000        
P   1   1.00
      6.2700000              1.0000000        
P   1   1.00
      1.6950000              1.0000000        
P   1   1.00
      0.4317000              1.0000000        
D   1   1.00
      2.2020000              1.0000000        
****
B      0 
S   1   1.00
  17880.0000000              1.0000000        
S   1   1.00
   2683.0000000              1.0000000        
S   1   1.00
    611.5000000              1.0000000        
S   1   1.00
    173.5000000              1.0000000        
S   1   1.00
     56.6400000              1.0000000        
S   1   1.00
     20.4200000              1.0000000        
S   1   1.00
      7.8100000              1.0000000        
S   1   1.00
      1.6530000              1.0000000        
S   1   1.00
      0.4869000              1.0000000        
P   1   1.00
     28.3900000              1.0000000        
P   1   1.00
      6.2700000              1.0000000        
P   1   1.00
      1.6950000              1.0000000        
P   1   1.00
      0.4317000              1.0000000        
D   1   1.00
      2.2020000              1.0000000        
****
C      0 
S   1   1.00
  17880.0000000              1.0000000        
S   1   1.00
   2683.0000000              1.0000000        
S   1   1.00
    611.5000000              1.0000000        
S   1   1.00
    173.5000000              1.0000000        
S   1   1.00
     56.6400000              1.0000000        
S   1   1.00
     20.4200000              1.0000000        
S   1   1.00
      7.8100000              1.0000000        
S   1   1.00
      1.6530000              1.0000000        
S   1   1.00
      0.4869000              1.0000000        
P   1   1.00
     28.3900000              1.0000000        
P   1   1.00
      6.2700000              1.0000000        
P   1   1.00
      1.6950000              1.0000000        
P   1   1.00
      0.4317000              1.0000000        
D   1   1.00
      2.2020000              1.0000000        
****
N      0 
S   1   1.00
  17880.0000000              1.0000000        
S   1   1.00
   2683.0000000              1.0000000        
S   1   1.00
    611.5000000              1.0000000        
S   1   1.00
    173.5000000              1.0000000        
S   1   1.00
     56.6400000              1.0000000        
S   1   1.00
     20.4200000              1.0000000        
S   1   1.00
      7.8100000              1.0000000        
S   1   1.00
      1.6530000              1.0000000        
S   1   1.00
      0.4869000              1.0000000        
P   1   1.00
     28.3900000              1.0000000        
P   1   1.00
      6.2700000              1.0000000        
P   1   1.00
      1.6950000              1.0000000        
P   1   1.00
      0.4317000              1.0000000        
D   1   1.00
      2.2020000              1.0000000        
****
O      0 
S   1   1.00
  17880.0000000              1.0000000        
S   1   1.00
   2683.0000000              1.0000000        
S   1   1.00
    611.5000000              1.0000000        
S   1   1.00
    173.5000000              1.0000000        
S   1   1.00
     56.6400000              1.0000000        
S   1   1.00
     20.4200000              1.0000000        
S   1   1.00
      7.8100000              1.0000000        
S   1   1.00
      1.6530000              1.0000000        
S   1   1.00
      0.4869000              1.0000000        
P   1   1.00
     28.3900000              1.0000000        
P   1   1.00
      6.2700000              1.0000000        
P   1   1.00
      1.6950000              1.0000000        
P   1   1.00
      0.4317000              1.0000000        
D   1   1.00
      2.2020000              1.0000000        
****
F      0 
S   1   1.00
  17880.0000000              1.0000000        
S   1   1.00
   2683.0000000              1.0000000        
S   1   1.00
    611.5000000              1.0000000        
S   1   1.00
    173.5000000              1.0000000        
S   1   1.00
     56.6400000              1.0000000        
S   1   1.00
     20.4200000              1.0000000        
S   1   1.00
      7.8100000              1.0000000        
S   1   1.00
      1.6530000              1.0000000        
S   1   1.00
      0.4869000              1.0000000        
P   1   1.00
     28.3900000              1.0000000        
P   1   1.00
      6.2700000              1.0000000        
P   1   1.00
      1.6950000              1.0000000        
P   1   1.00
      0.4317000              1.0000000        
D   1   1.00
      2.2020000              1.0000000        
****
Ne     0 
S   1   1.00
  17880.0000000              1.0000000        
S   1   1.00
   2683.0000000              1.0000000        
S   1   1.00
    611.5000000              1.0000000        
S   1   1.00
    173.5000000              1.0000000        
S   1   1.00
     56.6400000              1.0000000        
S   1   1.00
     20.4200000              1.0000000        
S   1   1.00
      7.8100000              1.0000000        
S   1   1.00
      1.6530000              1.0000000        
S   1   1.00
      0.4869000              1.0000000        
P   1   1.00
     28.3900000              1.0000000        
P   1   1.00
      6.2700000              1.0000000        
P   1   1.00
      1.6950000              1.0000000        
P   1   1.00
      0.4317000              1.0000000        
D   1   1.00
      2.2020000              1.0000000        
****
Na     0 
S   1   1.00
  17880.0000000              1.0000000        
S   1   1.00
   2683.0000000              1.0000000        
S   1   1.00
    611.5000000              1.0000000        
S   1   1.00
    173.5000000              1.0000000        
S   1   1.00
     56.6400000              1.0000000        
S   1   1.00
     20.4200000              1.0000000        
S   1   1.00
      7.8100000              1.0000000        
S   1   1.00
      1.6530000              1.0000000        
S   1   1.00
      0.4869000              1.0000000        
P   1   1.00
     28.3900000              1.0000000        
P   1   1.00
      6.2700000              1.0000000        
P   1   1.00
      1.6950000              1.0000000        
P   1   1.00
      0.4317000              1.0000000        
D   1   1.00
      2.2020000              1.0000000        
****
Mg     0 
S   1   1.00
  17880.0000000              1.0000000        
S   1   1.00
   2683.0000000              1.0000000        
S   1   1.00
    611.5000000              1.0000000        
S   1   1.00
    173.5000000              1.0000000        
S   1   1.00
     56.6400000              1.0000000        
S   1   1.00
     20.4200000              1.0000000        
S   1   1.00
      7.8100000              1.0000000        
S   1   1.00
      1.6530000              1.0000000        
S   1   1.00
      0.4869000              1.0000000        
P   1   1.00
     28.3900000              1.0000000        
P   1   1.00
      6.2700000              1.0000000        
P   1   1.00
      1.6950000              1.0000000        
P   1   1.00
      0.4317000              1.0000000        
D   1   1.00
      2.2020000              1.0000000        
****
Al     0 
S   1   1.00
  17880.0000000              1.0000000        
S   1   1.00
   2683.0000000              1.0000000        
S   1   1.00
    611.5000000              1.0000000        
S   1   1.00
    173.5000000              1.0000000        
S   1   1.00
     56.6400000              1.0000000        
S   1   1.00
     20.4200000              1.0000000        
S   1   1.00
      7.8100000              1.0000000        
S   1   1.00
      1.6530000              1.0000000        
S   1   1.00
      0.4869000              1.0000000        
P   1   1.00
     28.3900000              1.0000000        
P   1   1.00
      6.2700000              1.0000000        
P   1   1.00
      1.6950000              1.0000000        
P   1   1.00
      0.4317000              1.0000000        
D   1   1.00
      2.2020000              1.0000000        
****
Si     0 
S   1   1.00
  17880.0000000              1.0000000        
S   1   1.00
   2683.0000000              1.0000000        
S   1   1.00
    611.5000000              1.0000000        
S   1   1.00
    173.5000000              1.0000000        
S   1   1.00
     56.6400000              1.0000000        
S   1   1.00
     20.4200000              1.0000000        
S   1   1.00
      7.8100000              1.0000000        
S   1   1.00
      1.6530000              1.0000000        
S   1   1.00
      0.4869000              1.0000000        
P   1   1.00
     28.3900000              1.0000000        
P   1   1.00
      6.2700000              1.0000000        
P   1   1.00
      1.6950000              1.0000000        
P   1   1.00
      0.4317000              1.0000000        
D   1   1.00
      2.2020000              1.0000000        
****


